 &plot nbnd=  52, nks=   122 /
            0.000000  0.000000  0.000000
   -7.458   -6.268   -6.268   -6.267   -0.684   -0.684   -0.684   -0.665   -0.665   -0.665
   -0.333   -0.333   -0.333   -0.333   -0.332   -0.332   -0.181   -0.181   -0.110   -0.110
   -0.109    0.025    0.025    0.025    1.081    1.081    1.081    3.398    3.398    3.398
    3.398    3.398    3.398    5.549    5.549    5.549    7.557    8.999    8.999    8.999
    9.618    9.618    9.618   11.940   11.940   11.940   16.360   16.360   16.360   17.175
   17.175   17.299
            0.000000  0.025000  0.000000
   -7.457   -6.270   -6.268   -6.267   -0.684   -0.683   -0.683   -0.665   -0.664   -0.664
   -0.334   -0.333   -0.333   -0.333   -0.333   -0.332   -0.182   -0.181   -0.110   -0.110
   -0.110    0.021    0.026    0.026    1.081    1.081    1.089    3.394    3.394    3.394
    3.395    3.401    3.401    5.532    5.545    5.545    7.576    9.002    9.008    9.008
    9.621    9.627    9.627   11.931   11.946   11.946   16.342   16.342   16.347   17.149
   17.177   17.311
            0.000000  0.050000  0.000000
   -7.452   -6.276   -6.267   -6.267   -0.685   -0.681   -0.681   -0.666   -0.663   -0.663
   -0.336   -0.335   -0.335   -0.335   -0.332   -0.332   -0.182   -0.181   -0.111   -0.111
   -0.110    0.012    0.029    0.029    1.080    1.080    1.114    3.384    3.384    3.385
    3.385    3.409    3.409    5.482    5.532    5.532    7.631    9.011    9.037    9.037
    9.629    9.652    9.652   11.904   11.966   11.966   16.287   16.287   16.307   17.073
   17.183   17.217
            0.000000  0.075000  0.000000
   -7.444   -6.287   -6.267   -6.267   -0.686   -0.676   -0.676   -0.667   -0.661   -0.661
   -0.339   -0.339   -0.337   -0.337   -0.332   -0.331   -0.183   -0.180   -0.112   -0.112
   -0.111   -0.003    0.035    0.035    1.080    1.080    1.155    3.368    3.368    3.369
    3.369    3.423    3.423    5.404    5.510    5.510    7.717    9.026    9.083    9.083
    9.643    9.693    9.693   11.862   11.998   11.998   16.202   16.202   16.242   16.953
   17.069   17.069
            0.000000  0.100000  0.000000
   -7.434   -6.302   -6.267   -6.267   -0.687   -0.671   -0.670   -0.668   -0.659   -0.659
   -0.344   -0.344   -0.340   -0.340   -0.331   -0.330   -0.184   -0.180   -0.114   -0.114
   -0.111   -0.022    0.042    0.042    1.079    1.079    1.209    3.345    3.346    3.348
    3.348    3.442    3.442    5.303    5.480    5.480    7.827    9.047    9.147    9.147
    9.661    9.750    9.750   11.804   12.043   12.043   16.092   16.092   16.155   16.800
   16.881   16.881
            0.000000  0.125000  0.000000
   -7.420   -6.322   -6.267   -6.267   -0.688   -0.670   -0.663   -0.663   -0.655   -0.655
   -0.349   -0.349   -0.344   -0.344   -0.329   -0.328   -0.186   -0.179   -0.116   -0.116
   -0.112   -0.043    0.051    0.051    1.078    1.078    1.275    3.318    3.318    3.322
    3.322    3.467    3.467    5.187    5.442    5.442    7.956    9.074    9.228    9.228
    9.685    9.823    9.823   11.732   12.101   12.101   15.962   15.962   16.048   16.618
   16.664   16.664
            0.000000  0.150000  0.000000
   -7.403   -6.345   -6.266   -6.266   -0.690   -0.672   -0.654   -0.654   -0.651   -0.651
   -0.357   -0.357   -0.348   -0.348   -0.327   -0.326   -0.188   -0.177   -0.119   -0.119
   -0.114   -0.066    0.061    0.061    1.077    1.077    1.351    3.286    3.286    3.292
    3.292    3.497    3.497    5.058    5.397    5.397    8.099    9.107    9.326    9.326
    9.713    9.909    9.909   11.649   12.169   12.169   15.815   15.815   15.925   16.421
   16.424   16.424
            0.000000  0.175000  0.000000
   -7.384   -6.372   -6.266   -6.266   -0.692   -0.674   -0.646   -0.646   -0.644   -0.644
   -0.365   -0.365   -0.352   -0.352   -0.325   -0.324   -0.190   -0.176   -0.123   -0.122
   -0.115   -0.088    0.073    0.073    1.075    1.075    1.437    3.251    3.251    3.258
    3.258    3.532    3.532    4.922    5.345    5.345    8.252    9.145    9.438    9.438
    9.746   10.008   10.008   11.557   12.250   12.250   15.656   15.656   15.789   16.170
   16.170   16.214
            0.000000  0.200000  0.000000
   -7.361   -6.402   -6.266   -6.265   -0.694   -0.677   -0.640   -0.640   -0.634   -0.633
   -0.374   -0.374   -0.357   -0.357   -0.322   -0.321   -0.192   -0.175   -0.127   -0.126
   -0.117   -0.109    0.086    0.086    1.074    1.074    1.530    3.214    3.214    3.223
    3.223    3.572    3.572    4.780    5.287    5.287    8.411    9.189    9.564    9.564
    9.781   10.119   10.119   11.456   12.340   12.340   15.488   15.488   15.643   15.906
   15.906   16.000
            0.000000  0.225000  0.000000
   -7.336   -6.435   -6.265   -6.265   -0.696   -0.680   -0.634   -0.634   -0.622   -0.622
   -0.384   -0.384   -0.361   -0.361   -0.318   -0.317   -0.194   -0.173   -0.131   -0.131
   -0.129   -0.118    0.099    0.099    1.072    1.072    1.630    3.175    3.175    3.185
    3.185    3.617    3.617    4.634    5.224    5.224    8.573    9.238    9.702    9.702
    9.820   10.240   10.240   11.350   12.440   12.440   15.312   15.312   15.491   15.636
   15.636   15.787
            0.000000  0.250000  0.000000
   -7.308   -6.471   -6.265   -6.265   -0.699   -0.683   -0.627   -0.627   -0.610   -0.610
   -0.395   -0.395   -0.366   -0.366   -0.314   -0.313   -0.197   -0.171   -0.147   -0.137
   -0.136   -0.120    0.112    0.112    1.070    1.070    1.736    3.135    3.135    3.148
    3.148    3.666    3.666    4.485    5.156    5.156    8.737    9.293    9.852    9.852
    9.861   10.369   10.369   11.239   12.549   12.549   15.130   15.131   15.336   15.363
   15.363   15.577
            0.000000  0.275000  0.000000
   -7.278   -6.510   -6.264   -6.264   -0.701   -0.686   -0.619   -0.619   -0.598   -0.598
   -0.407   -0.407   -0.370   -0.370   -0.309   -0.308   -0.200   -0.169   -0.162   -0.143
   -0.142   -0.122    0.125    0.125    1.068    1.068    1.848    3.096    3.096    3.110
    3.110    3.720    3.720    4.336    5.084    5.084    8.900    9.354    9.902   10.011
   10.011   10.506   10.506   11.125   12.667   12.667   14.947   14.947   15.091   15.091
   15.181   15.374
            0.000000  0.300000  0.000000
   -7.245   -6.551   -6.264   -6.264   -0.703   -0.689   -0.610   -0.610   -0.586   -0.586
   -0.419   -0.419   -0.374   -0.374   -0.303   -0.303   -0.203   -0.176   -0.167   -0.150
   -0.149   -0.125    0.138    0.138    1.066    1.066    1.964    3.059    3.059    3.074
    3.074    3.778    3.778    4.186    5.008    5.008    9.061    9.419    9.943   10.178
   10.178   10.647   10.647   11.009   12.793   12.793   14.763   14.763   14.822   14.822
   15.029   15.181
            0.000000  0.325000  0.000000
   -7.210   -6.593   -6.263   -6.263   -0.705   -0.693   -0.601   -0.601   -0.575   -0.575
   -0.431   -0.431   -0.378   -0.378   -0.297   -0.296   -0.206   -0.187   -0.164   -0.157
   -0.157   -0.127    0.151    0.151    1.064    1.064    2.084    3.023    3.024    3.041
    3.041    3.839    3.839    4.035    4.930    4.930    9.216    9.489    9.981   10.349
   10.349   10.790   10.791   10.893   12.926   12.926   14.558   14.558   14.581   14.581
   14.884   15.001
            0.000000  0.350000  0.000000
   -7.173   -6.638   -6.263   -6.263   -0.707   -0.696   -0.591   -0.591   -0.565   -0.564
   -0.444   -0.444   -0.381   -0.381   -0.289   -0.289   -0.209   -0.197   -0.165   -0.165
   -0.162   -0.129    0.162    0.162    1.062    1.062    2.208    2.991    2.991    3.010
    3.010    3.886    3.905    3.905    4.850    4.850    9.364    9.564   10.015   10.524
   10.524   10.776   10.933   10.933   13.065   13.065   14.305   14.305   14.405   14.405
   14.749   14.837
            0.000000  0.375000  0.000000
   -7.134   -6.683   -6.263   -6.263   -0.708   -0.699   -0.581   -0.581   -0.555   -0.555
   -0.457   -0.457   -0.384   -0.384   -0.281   -0.280   -0.211   -0.204   -0.174   -0.174
   -0.159   -0.132    0.172    0.172    1.061    1.061    2.335    2.963    2.963    2.982
    2.982    3.737    3.973    3.973    4.768    4.768    9.503    9.644   10.042   10.660
   10.696   10.696   11.071   11.071   13.212   13.212   14.064   14.064   14.239   14.239
   14.627   14.692
            0.000000  0.400000  0.000000
   -7.093   -6.729   -6.262   -6.262   -0.709   -0.702   -0.570   -0.570   -0.548   -0.547
   -0.470   -0.470   -0.387   -0.387   -0.272   -0.271   -0.214   -0.210   -0.183   -0.183
   -0.157   -0.134    0.181    0.181    1.059    1.059    2.465    2.938    2.938    2.959
    2.959    3.589    4.045    4.045    4.686    4.686    9.630    9.728   10.060   10.546
   10.862   10.862   11.199   11.199   13.363   13.363   13.843   13.843   14.088   14.088
   14.522   14.568
            0.000000  0.425000  0.000000
   -7.050   -6.776   -6.262   -6.262   -0.710   -0.704   -0.559   -0.559   -0.541   -0.541
   -0.483   -0.483   -0.389   -0.389   -0.262   -0.262   -0.216   -0.214   -0.193   -0.193
   -0.154   -0.137    0.188    0.188    1.058    1.058    2.598    2.919    2.919    2.941
    2.941    3.442    4.119    4.119    4.602    4.602    9.744    9.816   10.067   10.433
   11.012   11.012   11.312   11.312   13.521   13.521   13.649   13.649   13.957   13.957
   14.436   14.467
            0.000000  0.450000  0.000000
   -7.007   -6.823   -6.262   -6.262   -0.710   -0.706   -0.547   -0.547   -0.537   -0.537
   -0.497   -0.497   -0.390   -0.390   -0.253   -0.252   -0.218   -0.217   -0.203   -0.203
   -0.151   -0.140    0.193    0.193    1.057    1.057    2.734    2.905    2.905    2.927
    2.927    3.297    4.196    4.196    4.519    4.519    9.841    9.906   10.060   10.324
   11.136   11.136   11.401   11.401   13.495   13.495   13.683   13.683   13.855   13.856
   14.373   14.377
            0.000000  0.475000  0.000000
   -6.962   -6.869   -6.262   -6.262   -0.710   -0.708   -0.535   -0.535   -0.534   -0.534
   -0.510   -0.510   -0.391   -0.391   -0.243   -0.243   -0.219   -0.218   -0.213   -0.212
   -0.148   -0.143    0.196    0.196    1.057    1.057    2.871    2.896    2.896    2.919
    2.919    3.153    4.274    4.274    4.437    4.437    9.920    9.986   10.052   10.218
   11.219   11.219   11.458   11.458   13.393   13.393   13.789   13.789   13.850   13.850
   14.198   14.198
            0.000000  0.500000  0.000000
   -6.916   -6.916   -6.262   -6.262   -0.709   -0.709   -0.533   -0.533   -0.523   -0.523
   -0.522   -0.522   -0.391   -0.391   -0.238   -0.238   -0.219   -0.219   -0.217   -0.217
   -0.146   -0.145    0.197    0.197    1.056    1.057    2.893    2.893    2.916    2.916
    3.011    3.011    4.355    4.355    4.355    4.355    9.977    9.978   10.118   10.118
   11.249   11.249   11.478   11.478   13.357   13.357   13.767   13.767   14.022   14.022
   14.022   14.022
            0.025000  0.500000  0.000000
   -6.915   -6.915   -6.263   -6.263   -0.709   -0.708   -0.533   -0.533   -0.523   -0.523
   -0.522   -0.522   -0.392   -0.392   -0.238   -0.237   -0.219   -0.218   -0.218   -0.217
   -0.146   -0.145    0.196    0.196    1.057    1.057    2.839    2.839    2.978    2.978
    3.003    3.004    4.349    4.349    4.360    4.360    9.981    9.981   10.127   10.127
   11.238   11.238   11.485   11.485   13.323   13.323   13.813   13.813   13.952   13.952
   14.020   14.020
            0.050000  0.500000  0.000000
   -6.912   -6.912   -6.266   -6.266   -0.707   -0.706   -0.533   -0.533   -0.523   -0.523
   -0.522   -0.522   -0.395   -0.395   -0.235   -0.234   -0.218   -0.218   -0.218   -0.218
   -0.146   -0.145    0.191    0.191    1.058    1.058    2.783    2.783    2.981    2.981
    3.058    3.058    4.333    4.333    4.377    4.377    9.991    9.991   10.153   10.153
   11.210   11.210   11.504   11.504   13.249   13.249   13.818   13.818   13.923   13.923
   14.014   14.015
            0.075000  0.500000  0.000000
   -6.907   -6.907   -6.271   -6.271   -0.703   -0.703   -0.533   -0.533   -0.524   -0.524
   -0.522   -0.521   -0.400   -0.400   -0.231   -0.231   -0.218   -0.218   -0.217   -0.217
   -0.146   -0.145    0.184    0.184    1.061    1.061    2.736    2.736    2.944    2.944
    3.144    3.144    4.307    4.307    4.403    4.403   10.007   10.008   10.197   10.197
   11.169   11.169   11.530   11.530   13.168   13.168   13.670   13.670   14.005   14.005
   14.064   14.064
            0.100000  0.500000  0.000000
   -6.900   -6.900   -6.278   -6.278   -0.698   -0.698   -0.532   -0.532   -0.525   -0.525
   -0.521   -0.520   -0.407   -0.407   -0.228   -0.228   -0.218   -0.218   -0.216   -0.215
   -0.146   -0.146    0.173    0.173    1.065    1.065    2.697    2.697    2.895    2.895
    3.237    3.237    4.271    4.271    4.436    4.436   10.028   10.028   10.259   10.259
   11.118   11.118   11.560   11.560   13.091   13.091   13.521   13.521   13.992   13.992
   14.221   14.221
            0.125000  0.500000  0.000000
   -6.892   -6.891   -6.287   -6.287   -0.692   -0.691   -0.532   -0.532   -0.527   -0.526
   -0.520   -0.519   -0.414   -0.414   -0.228   -0.227   -0.215   -0.214   -0.214   -0.213
   -0.147   -0.146    0.159    0.159    1.072    1.072    2.668    2.668    2.837    2.837
    3.334    3.334    4.226    4.226    4.474    4.474   10.053   10.053   10.338   10.338
   11.059   11.059   11.593   11.593   13.023   13.023   13.374   13.374   13.974   13.974
   14.388   14.388
            0.150000  0.500000  0.000000
   -6.881   -6.881   -6.298   -6.298   -0.684   -0.684   -0.532   -0.532   -0.528   -0.528
   -0.518   -0.518   -0.422   -0.422   -0.229   -0.229   -0.212   -0.211   -0.209   -0.209
   -0.147   -0.146    0.142    0.142    1.082    1.082    2.648    2.648    2.771    2.771
    3.435    3.435    4.173    4.173    4.515    4.516   10.080   10.081   10.434   10.434
   10.995   10.995   11.630   11.630   12.966   12.966   13.232   13.232   13.952   13.952
   14.560   14.560
            0.175000  0.500000  0.000000
   -6.869   -6.869   -6.311   -6.310   -0.675   -0.675   -0.532   -0.532   -0.530   -0.530
   -0.517   -0.516   -0.430   -0.430   -0.232   -0.232   -0.209   -0.209   -0.203   -0.202
   -0.147   -0.146    0.122    0.122    1.096    1.096    2.636    2.636    2.699    2.699
    3.538    3.538    4.113    4.113    4.558    4.558   10.110   10.110   10.545   10.545
   10.928   10.928   11.668   11.668   12.919   12.919   13.097   13.097   13.926   13.926
   14.730   14.730
            0.200000  0.500000  0.000000
   -6.855   -6.855   -6.325   -6.325   -0.664   -0.664   -0.532   -0.532   -0.532   -0.532
   -0.515   -0.514   -0.438   -0.438   -0.235   -0.235   -0.207   -0.206   -0.197   -0.196
   -0.147   -0.146    0.098    0.098    1.113    1.113    2.622    2.622    2.633    2.633
    3.644    3.644    4.047    4.047    4.600    4.600   10.140   10.141   10.670   10.670
   10.859   10.859   11.710   11.710   12.883   12.883   12.970   12.970   13.894   13.894
   14.889   14.889
            0.225000  0.500000  0.000000
   -6.839   -6.839   -6.341   -6.341   -0.653   -0.652   -0.534   -0.534   -0.532   -0.532
   -0.512   -0.512   -0.446   -0.446   -0.238   -0.238   -0.205   -0.204   -0.191   -0.191
   -0.146   -0.145    0.073    0.073    1.135    1.135    2.542    2.543    2.638    2.638
    3.750    3.750    3.977    3.977    4.640    4.641   10.170   10.171   10.789   10.789
   10.808   10.808   11.753   11.753   12.852   12.852   12.855   12.855   13.858   13.858
   15.021   15.021
            0.250000  0.500000  0.000000
   -6.822   -6.822   -6.359   -6.359   -0.640   -0.639   -0.536   -0.536   -0.533   -0.533
   -0.510   -0.509   -0.454   -0.454   -0.242   -0.242   -0.203   -0.202   -0.187   -0.186
   -0.146   -0.145    0.045    0.045    1.162    1.162    2.461    2.461    2.651    2.651
    3.856    3.856    3.902    3.902    4.677    4.677   10.199   10.199   10.720   10.720
   10.958   10.958   11.798   11.798   12.745   12.745   12.836   12.836   13.816   13.816
   15.094   15.094
            0.275000  0.500000  0.000000
   -6.803   -6.803   -6.378   -6.378   -0.625   -0.625   -0.538   -0.537   -0.533   -0.533
   -0.506   -0.506   -0.461   -0.461   -0.247   -0.247   -0.201   -0.201   -0.183   -0.182
   -0.145   -0.144    0.017    0.017    1.193    1.194    2.378    2.378    2.671    2.671
    3.824    3.824    3.961    3.961    4.710    4.710   10.225   10.225   10.654   10.654
   11.119   11.119   11.845   11.845   12.650   12.650   12.825   12.825   13.769   13.769
   15.069   15.069
            0.300000  0.500000  0.000000
   -6.783   -6.783   -6.398   -6.398   -0.610   -0.610   -0.539   -0.539   -0.534   -0.534
   -0.502   -0.501   -0.468   -0.468   -0.253   -0.253   -0.200   -0.199   -0.180   -0.179
   -0.143   -0.143   -0.011   -0.011    1.230    1.230    2.294    2.294    2.699    2.699
    3.744    3.744    4.063    4.063    4.737    4.737   10.247   10.247   10.592   10.592
   11.288   11.289   11.892   11.892   12.567   12.567   12.820   12.820   13.718   13.718
   14.945   14.945
            0.325000  0.500000  0.000000
   -6.762   -6.762   -6.420   -6.420   -0.594   -0.594   -0.541   -0.541   -0.535   -0.535
   -0.497   -0.496   -0.474   -0.474   -0.260   -0.260   -0.199   -0.198   -0.179   -0.178
   -0.142   -0.141   -0.038   -0.038    1.270    1.270    2.211    2.211    2.732    2.732
    3.663    3.663    4.162    4.162    4.758    4.758   10.265   10.266   10.535   10.535
   11.466   11.466   11.939   11.939   12.496   12.496   12.822   12.822   13.662   13.662
   14.759   14.759
            0.350000  0.500000  0.000000
   -6.740   -6.740   -6.442   -6.442   -0.578   -0.578   -0.542   -0.542   -0.537   -0.536
   -0.490   -0.489   -0.480   -0.480   -0.269   -0.269   -0.198   -0.198   -0.179   -0.179
   -0.140   -0.139   -0.062   -0.062    1.316    1.316    2.129    2.129    2.772    2.772
    3.581    3.581    4.256    4.256    4.772    4.772   10.279   10.279   10.484   10.484
   11.650   11.650   11.986   11.986   12.440   12.440   12.829   12.829   13.604   13.604
   14.546   14.546
            0.375000  0.500000  0.000000
   -6.717   -6.717   -6.466   -6.466   -0.563   -0.562   -0.543   -0.543   -0.538   -0.538
   -0.486   -0.486   -0.481   -0.480   -0.282   -0.282   -0.198   -0.197   -0.182   -0.181
   -0.137   -0.137   -0.081   -0.081    1.365    1.365    2.047    2.047    2.817    2.817
    3.500    3.500    4.345    4.345    4.778    4.778   10.289   10.289   10.439   10.440
   11.835   11.836   12.030   12.030   12.397   12.397   12.841   12.841   13.544   13.544
   14.322   14.322
            0.400000  0.500000  0.000000
   -6.693   -6.693   -6.490   -6.490   -0.549   -0.548   -0.544   -0.544   -0.539   -0.539
   -0.491   -0.491   -0.468   -0.468   -0.298   -0.298   -0.198   -0.197   -0.185   -0.184
   -0.135   -0.134   -0.096   -0.096    1.419    1.419    1.967    1.967    2.868    2.868
    3.419    3.419    4.427    4.427    4.776    4.776   10.295   10.295   10.402   10.402
   12.014   12.014   12.071   12.071   12.375   12.375   12.856   12.856   13.486   13.486
   14.096   14.096
            0.425000  0.500000  0.000000
   -6.668   -6.668   -6.515   -6.515   -0.545   -0.544   -0.541   -0.540   -0.537   -0.536
   -0.496   -0.496   -0.453   -0.452   -0.317   -0.317   -0.198   -0.197   -0.189   -0.188
   -0.132   -0.132   -0.107   -0.107    1.476    1.476    1.889    1.889    2.924    2.924
    3.340    3.340    4.501    4.501    4.764    4.764   10.299   10.300   10.371   10.371
   12.108   12.108   12.155   12.155   12.398   12.398   12.870   12.870   13.433   13.433
   13.878   13.878
            0.450000  0.500000  0.000000
   -6.643   -6.643   -6.540   -6.540   -0.545   -0.544   -0.542   -0.542   -0.527   -0.527
   -0.502   -0.501   -0.434   -0.433   -0.339   -0.339   -0.198   -0.197   -0.192   -0.191
   -0.129   -0.129   -0.114   -0.114    1.537    1.537    1.813    1.813    2.984    2.984
    3.263    3.263    4.568    4.568    4.744    4.744   10.303   10.304   10.347   10.347
   12.140   12.140   12.207   12.207   12.510   12.510   12.875   12.876   13.392   13.392
   13.678   13.678
            0.475000  0.500000  0.000000
   -6.618   -6.617   -6.566   -6.566   -0.544   -0.544   -0.543   -0.543   -0.519   -0.519
   -0.507   -0.507   -0.412   -0.411   -0.363   -0.363   -0.197   -0.196   -0.194   -0.194
   -0.126   -0.126   -0.119   -0.119    1.602    1.602    1.740    1.740    3.049    3.049
    3.188    3.189    4.626    4.626    4.714    4.714   10.309   10.309   10.329   10.329
   12.168   12.168   12.206   12.206   12.660   12.660   12.856   12.856   13.377   13.377
   13.513   13.513
            0.500000  0.500000  0.000000
   -6.592   -6.592   -6.592   -6.592   -0.544   -0.544   -0.544   -0.543   -0.513   -0.513
   -0.513   -0.513   -0.388   -0.388   -0.388   -0.388   -0.196   -0.196   -0.196   -0.195
   -0.123   -0.123   -0.123   -0.123    1.669    1.669    1.669    1.669    3.117    3.117
    3.117    3.117    4.675    4.675    4.675    4.675   10.317   10.317   10.317   10.317
   12.190   12.190   12.190   12.190   12.785   12.785   12.785   12.785   13.410   13.410
   13.410   13.410
            0.475000  0.475000  0.000000
   -6.645   -6.590   -6.590   -6.542   -0.546   -0.543   -0.543   -0.543   -0.525   -0.514
   -0.514   -0.500   -0.435   -0.387   -0.387   -0.339   -0.198   -0.195   -0.195   -0.193
   -0.129   -0.123   -0.123   -0.114    1.537    1.669    1.669    1.814    2.982    3.119
    3.119    3.262    4.585    4.657    4.657    4.762   10.283   10.323   10.339   10.339
   12.160   12.167   12.167   12.238   12.594   12.683   12.683   12.993   13.282   13.531
   13.531   13.547
            0.450000  0.450000  0.000000
   -6.701   -6.585   -6.584   -6.496   -0.549   -0.543   -0.539   -0.539   -0.537   -0.519
   -0.519   -0.488   -0.477   -0.386   -0.386   -0.293   -0.200   -0.191   -0.191   -0.189
   -0.135   -0.122   -0.122   -0.100    1.418    1.668    1.668    1.970    2.859    3.124
    3.124    3.415    4.494    4.606    4.606    4.846   10.224   10.303   10.402   10.402
   12.085   12.085   12.149   12.286   12.436   12.507   12.507   13.161   13.211   13.693
   13.776   13.776
            0.425000  0.425000  0.000000
   -6.760   -6.576   -6.575   -6.455   -0.555   -0.548   -0.544   -0.536   -0.536   -0.523
   -0.523   -0.514   -0.476   -0.384   -0.384   -0.256   -0.201   -0.187   -0.187   -0.185
   -0.140   -0.121   -0.121   -0.076    1.312    1.667    1.667    2.137    2.750    3.132
    3.132    3.575    4.403    4.526    4.526    4.926   10.142   10.259   10.494   10.494
   11.916   11.916   12.149   12.214   12.385   12.385   12.427   13.046   13.438   13.849
   14.054   14.054
            0.400000  0.400000  0.000000
   -6.820   -6.563   -6.563   -6.418   -0.566   -0.559   -0.546   -0.541   -0.541   -0.540
   -0.521   -0.520   -0.463   -0.382   -0.382   -0.235   -0.202   -0.181   -0.180   -0.180
   -0.145   -0.119   -0.119   -0.038    1.221    1.663    1.663    2.316    2.656    3.144
    3.144    3.739    4.311    4.422    4.422    5.002   10.041   10.198   10.598   10.599
   11.680   11.680   12.079   12.150   12.339   12.339   12.508   12.937   13.669   14.015
   14.340   14.340
            0.375000  0.375000  0.000000
   -6.881   -6.548   -6.548   -6.386   -0.585   -0.571   -0.556   -0.551   -0.551   -0.549
   -0.511   -0.511   -0.451   -0.380   -0.380   -0.229   -0.202   -0.176   -0.173   -0.172
   -0.151   -0.116   -0.116    0.008    1.147    1.657    1.657    2.505    2.580    3.159
    3.159    3.907    4.220    4.303    4.303    5.074    9.923   10.123   10.690   10.690
   11.419   11.419   11.955   12.139   12.359   12.359   12.594   12.832   13.901   14.192
   14.626   14.626
            0.350000  0.350000  0.000000
   -6.942   -6.529   -6.529   -6.359   -0.606   -0.581   -0.565   -0.563   -0.563   -0.553
   -0.499   -0.499   -0.438   -0.377   -0.377   -0.231   -0.202   -0.171   -0.165   -0.164
   -0.155   -0.113   -0.113    0.056    1.089    1.648    1.648    2.523    2.704    3.176
    3.176    4.076    4.130    4.175    4.175    5.140    9.791   10.041   10.741   10.741
   11.154   11.154   11.849   12.100   12.450   12.450   12.673   12.732   14.126   14.380
   14.906   14.906
            0.325000  0.325000  0.000000
   -7.002   -6.509   -6.509   -6.335   -0.623   -0.591   -0.576   -0.576   -0.574   -0.558
   -0.485   -0.485   -0.426   -0.374   -0.374   -0.240   -0.201   -0.165   -0.160   -0.157
   -0.157   -0.108   -0.108    0.097    1.050    1.633    1.633    2.489    2.913    3.196
    3.196    4.042    4.045    4.045    4.245    5.201    9.648    9.953   10.735   10.735
   10.896   10.896   11.764   12.017   12.621   12.621   12.636   12.734   14.338   14.580
   15.178   15.178
            0.300000  0.300000  0.000000
   -7.061   -6.486   -6.486   -6.317   -0.637   -0.601   -0.590   -0.590   -0.583   -0.564
   -0.470   -0.470   -0.414   -0.371   -0.371   -0.253   -0.200   -0.164   -0.160   -0.149
   -0.149   -0.101   -0.101    0.127    1.029    1.611    1.611    2.478    3.130    3.217
    3.217    3.919    3.919    3.958    4.410    5.257    9.495    9.865   10.624   10.624
   10.702   10.702   11.700   11.881   12.544   12.768   12.866   12.866   14.528   14.790
   15.440   15.440
            0.275000  0.275000  0.000000
   -7.118   -6.462   -6.462   -6.302   -0.648   -0.611   -0.603   -0.603   -0.593   -0.571
   -0.454   -0.453   -0.403   -0.368   -0.368   -0.267   -0.198   -0.167   -0.154   -0.143
   -0.143   -0.093   -0.093    0.143    1.022    1.582    1.582    2.494    3.240    3.240
    3.356    3.803    3.803    3.877    4.571    5.308    9.332    9.777   10.392   10.392
   10.602   10.602   11.657   11.692   12.456   12.769   13.169   13.169   14.697   15.009
   15.610   15.691
            0.250000  0.250000  0.000000
   -7.172   -6.437   -6.436   -6.290   -0.655   -0.619   -0.616   -0.616   -0.602   -0.580
   -0.437   -0.437   -0.392   -0.364   -0.364   -0.282   -0.196   -0.170   -0.148   -0.137
   -0.137   -0.084   -0.084    0.147    1.026    1.544    1.544    2.535    3.263    3.264
    3.588    3.700    3.700    3.800    4.725    5.353    9.161    9.691   10.167   10.167
   10.486   10.486   11.457   11.634   12.373   12.736   13.514   13.514   14.853   15.239
   15.712   15.929
            0.225000  0.225000  0.000000
   -7.223   -6.411   -6.411   -6.282   -0.661   -0.628   -0.628   -0.627   -0.612   -0.591
   -0.420   -0.420   -0.381   -0.361   -0.361   -0.295   -0.194   -0.173   -0.142   -0.132
   -0.132   -0.073   -0.073    0.141    1.036    1.497    1.497    2.603    3.287    3.287
    3.613    3.613    3.729    3.826    4.871    5.393    8.982    9.609    9.957    9.957
   10.360   10.360   11.190   11.631   12.296   12.669   13.887   13.887   15.009   15.477
   15.838   16.145
            0.200000  0.200000  0.000000
   -7.270   -6.386   -6.386   -6.275   -0.664   -0.639   -0.639   -0.635   -0.621   -0.604
   -0.404   -0.404   -0.372   -0.357   -0.357   -0.307   -0.192   -0.175   -0.136   -0.128
   -0.128   -0.060   -0.060    0.128    1.047    1.443    1.443    2.692    3.310    3.310
    3.542    3.542    3.663    4.069    5.006    5.428    8.796    9.530    9.764    9.764
   10.231   10.231   10.909   11.645   12.225   12.576   14.278   14.278   15.174   15.724
   15.985   16.300
            0.175000  0.175000  0.000000
   -7.312   -6.362   -6.362   -6.271   -0.666   -0.649   -0.649   -0.642   -0.630   -0.617
   -0.389   -0.388   -0.363   -0.352   -0.352   -0.317   -0.190   -0.177   -0.131   -0.124
   -0.124   -0.047   -0.047    0.111    1.058    1.383    1.384    2.798    3.331    3.331
    3.488    3.488    3.603    4.313    5.128    5.458    8.605    9.453    9.590    9.591
   10.105   10.105   10.628   11.674   12.160   12.467   14.676   14.676   15.349   15.975
   16.150   16.412
            0.150000  0.150000  0.000000
   -7.350   -6.339   -6.339   -6.269   -0.667   -0.659   -0.658   -0.648   -0.639   -0.631
   -0.374   -0.374   -0.355   -0.348   -0.348   -0.324   -0.188   -0.178   -0.126   -0.121
   -0.121   -0.033   -0.033    0.093    1.066    1.321    1.321    2.915    3.350    3.350
    3.450    3.450    3.550    4.556    5.237    5.483    8.410    9.377    9.437    9.437
    9.987    9.988   10.363   11.716   12.103   12.352   15.069   15.069   15.533   16.230
   16.329   16.526
            0.125000  0.125000  0.000000
   -7.382   -6.319   -6.319   -6.268   -0.667   -0.666   -0.666   -0.653   -0.646   -0.645
   -0.362   -0.362   -0.348   -0.344   -0.344   -0.328   -0.186   -0.179   -0.121   -0.118
   -0.118   -0.019   -0.019    0.075    1.072    1.259    1.259    3.034    3.366    3.366
    3.424    3.424    3.505    4.793    5.331    5.504    8.214    9.301    9.305    9.305
    9.881    9.881   10.127   11.764   12.054   12.240   15.443   15.443   15.721   16.483
   16.517   16.653
            0.100000  0.100000  0.000000
   -7.409   -6.301   -6.301   -6.267   -0.673   -0.673   -0.666   -0.658   -0.657   -0.653
   -0.352   -0.351   -0.343   -0.340   -0.340   -0.331   -0.185   -0.180   -0.117   -0.115
   -0.115   -0.006   -0.006    0.058    1.076    1.202    1.202    3.149    3.379    3.379
    3.409    3.409    3.467    5.019    5.409    5.521    8.024    9.196    9.196    9.221
    9.790    9.790    9.932   11.816   12.014   12.139   15.775   15.775   15.905   16.705
   16.730   16.799
            0.075000  0.075000  0.000000
   -7.431   -6.287   -6.287   -6.267   -0.678   -0.678   -0.669   -0.666   -0.660   -0.658
   -0.343   -0.343   -0.338   -0.337   -0.337   -0.332   -0.183   -0.181   -0.114   -0.113
   -0.113    0.006    0.006    0.044    1.078    1.152    1.152    3.250    3.388    3.388
    3.401    3.401    3.437    5.224    5.470    5.533    7.847    9.110    9.110    9.141
    9.717    9.717    9.786   11.864   11.981   12.055   16.041   16.041   16.076   16.883
   16.960   16.968
            0.050000  0.050000  0.000000
   -7.446   -6.276   -6.276   -6.267   -0.681   -0.681   -0.677   -0.665   -0.663   -0.662
   -0.337   -0.337   -0.335   -0.335   -0.335   -0.333   -0.182   -0.181   -0.112   -0.111
   -0.111    0.016    0.016    0.034    1.080    1.113    1.113    3.329    3.394    3.394
    3.398    3.398    3.415    5.393    5.514    5.542    7.698    9.049    9.049    9.069
    9.663    9.663    9.689   11.904   11.958   11.991   16.222   16.224   16.224   17.034
   17.134   17.145
            0.025000  0.025000  0.000000
   -7.455   -6.270   -6.270   -6.267   -0.684   -0.683   -0.682   -0.665   -0.664   -0.664
   -0.334   -0.334   -0.334   -0.333   -0.333   -0.333   -0.182   -0.181   -0.110   -0.110
   -0.110    0.022    0.022    0.027    1.081    1.089    1.089    3.380    3.397    3.397
    3.397    3.397    3.402    5.508    5.541    5.548    7.595    9.011    9.011    9.018
    9.629    9.629    9.635   11.930   11.944   11.953   16.323   16.327   16.327   17.137
   17.165   17.288
            0.000000  0.000000  0.000000
   -7.458   -6.268   -6.268   -6.267   -0.684   -0.684   -0.684   -0.665   -0.665   -0.665
   -0.333   -0.333   -0.333   -0.333   -0.332   -0.332   -0.181   -0.181   -0.110   -0.110
   -0.109    0.025    0.025    0.025    1.081    1.081    1.081    3.398    3.398    3.398
    3.398    3.398    3.398    5.549    5.549    5.549    7.557    8.999    8.999    8.999
    9.618    9.618    9.618   11.940   11.940   11.940   16.360   16.360   16.360   17.175
   17.175   17.299
            0.025000  0.025000  0.025000
   -7.454   -6.270   -6.270   -6.270   -0.683   -0.683   -0.682   -0.665   -0.664   -0.664
   -0.334   -0.334   -0.334   -0.334   -0.333   -0.333   -0.181   -0.181   -0.111   -0.110
   -0.110    0.024    0.024    0.024    1.089    1.089    1.089    3.383    3.383    3.383
    3.405    3.405    3.405    5.485    5.543    5.543    7.613    9.021    9.021    9.021
    9.638    9.638    9.638   11.930   11.951   11.951   16.309   16.309   16.309   17.139
   17.139   17.270
            0.050000  0.050000  0.050000
   -7.440   -6.276   -6.276   -6.276   -0.678   -0.678   -0.678   -0.665   -0.661   -0.661
   -0.338   -0.338   -0.338   -0.336   -0.335   -0.335   -0.182   -0.182   -0.112   -0.112
   -0.112    0.020    0.020    0.020    1.113    1.113    1.113    3.341    3.341    3.341
    3.426    3.426    3.426    5.309    5.525    5.525    7.758    9.081    9.081    9.081
    9.699    9.700    9.700   11.904   11.984   11.984   16.154   16.154   16.154   17.043
   17.043   17.068
            0.075000  0.075000  0.075000
   -7.417   -6.286   -6.286   -6.286   -0.670   -0.670   -0.670   -0.665   -0.657   -0.657
   -0.345   -0.345   -0.344   -0.339   -0.338   -0.338   -0.182   -0.182   -0.115   -0.115
   -0.115    0.016    0.016    0.016    1.148    1.148    1.148    3.279    3.279    3.279
    3.461    3.461    3.461    5.060    5.495    5.495    7.956    9.169    9.169    9.169
    9.808    9.808    9.808   11.872   12.036   12.036   15.903   15.903   15.903   16.785
   16.785   16.785
            0.100000  0.100000  0.100000
   -7.385   -6.300   -6.300   -6.300   -0.664   -0.660   -0.660   -0.660   -0.651   -0.651
   -0.354   -0.354   -0.353   -0.342   -0.342   -0.342   -0.183   -0.183   -0.118   -0.118
   -0.118    0.010    0.010    0.010    1.192    1.192    1.192    3.205    3.205    3.205
    3.509    3.509    3.509    4.766    5.456    5.456    8.172    9.270    9.270    9.270
    9.969    9.969    9.969   11.844   12.105   12.105   15.580   15.580   15.580   16.455
   16.455   16.455
            0.125000  0.125000  0.125000
   -7.346   -6.317   -6.317   -6.317   -0.663   -0.648   -0.648   -0.648   -0.644   -0.644
   -0.365   -0.365   -0.365   -0.346   -0.346   -0.345   -0.183   -0.183   -0.122   -0.122
   -0.122    0.003    0.003    0.003    1.235    1.235    1.235    3.133    3.133    3.133
    3.570    3.570    3.570    4.448    5.407    5.407    8.382    9.376    9.376    9.376
   10.180   10.180   10.180   11.835   12.186   12.186   15.214   15.214   15.214   16.101
   16.101   16.101
            0.150000  0.150000  0.150000
   -7.298   -6.337   -6.337   -6.337   -0.660   -0.636   -0.636   -0.634   -0.634   -0.634
   -0.379   -0.379   -0.378   -0.348   -0.348   -0.348   -0.183   -0.183   -0.126   -0.126
   -0.126   -0.003   -0.003   -0.003    1.270    1.270    1.270    3.076    3.076    3.076
    3.641    3.641    3.641    4.116    5.352    5.352    8.570    9.483    9.483    9.483
   10.433   10.433   10.433   11.858   12.272   12.272   14.831   14.831   14.831   15.738
   15.738   15.738
            0.175000  0.175000  0.175000
   -7.244   -6.359   -6.359   -6.358   -0.654   -0.627   -0.627   -0.620   -0.620   -0.620
   -0.394   -0.394   -0.394   -0.349   -0.349   -0.349   -0.183   -0.183   -0.130   -0.130
   -0.130   -0.009   -0.009   -0.009    1.285    1.285    1.285    3.049    3.049    3.049
    3.722    3.722    3.722    3.777    5.291    5.291    8.723    9.590    9.590    9.590
   10.712   10.712   10.712   11.926   12.358   12.358   14.453   14.453   14.453   15.373
   15.373   15.373
            0.200000  0.200000  0.200000
   -7.184   -6.381   -6.381   -6.381   -0.646   -0.618   -0.618   -0.606   -0.606   -0.606
   -0.411   -0.410   -0.410   -0.347   -0.347   -0.347   -0.183   -0.183   -0.134   -0.134
   -0.133   -0.015   -0.015   -0.015    1.274    1.274    1.274    3.062    3.062    3.062
    3.437    3.810    3.810    3.810    5.227    5.227    8.837    9.694    9.694    9.694
   10.997   10.997   10.997   12.044   12.436   12.436   14.106   14.106   14.106   15.014
   15.014   15.014
            0.225000  0.225000  0.225000
   -7.120   -6.405   -6.405   -6.405   -0.633   -0.609   -0.609   -0.593   -0.593   -0.592
   -0.428   -0.428   -0.427   -0.342   -0.342   -0.342   -0.182   -0.182   -0.137   -0.137
   -0.137   -0.019   -0.019   -0.019    1.233    1.233    1.233    3.100    3.121    3.121
    3.121    3.906    3.906    3.906    5.162    5.162    8.911    9.790    9.790    9.790
   11.262   11.262   11.262   12.212   12.501   12.501   13.820   13.820   13.820   14.664
   14.664   14.664
            0.250000  0.250000  0.250000
   -7.052   -6.429   -6.428   -6.428   -0.615   -0.600   -0.600   -0.581   -0.581   -0.581
   -0.445   -0.445   -0.445   -0.333   -0.333   -0.333   -0.180   -0.180   -0.140   -0.140
   -0.140   -0.024   -0.023   -0.023    1.166    1.166    1.166    2.768    3.223    3.223
    3.223    4.005    4.005    4.005    5.096    5.096    8.950    9.869    9.869    9.869
   11.475   11.475   11.475   12.423   12.548   12.548   13.632   13.632   13.632   14.328
   14.328   14.328
            0.275000  0.275000  0.275000
   -6.982   -6.452   -6.452   -6.451   -0.591   -0.591   -0.590   -0.572   -0.572   -0.572
   -0.463   -0.463   -0.462   -0.320   -0.320   -0.320   -0.178   -0.178   -0.143   -0.143
   -0.142   -0.027   -0.027   -0.027    1.079    1.079    1.079    2.445    3.362    3.362
    3.362    4.107    4.107    4.107    5.033    5.033    8.961    9.914    9.914    9.914
   11.610   11.610   11.610   12.576   12.576   12.667   13.579   13.579   13.579   14.010
   14.011   14.011
            0.300000  0.300000  0.300000
   -6.912   -6.473   -6.473   -6.473   -0.583   -0.583   -0.565   -0.565   -0.565   -0.558
   -0.480   -0.479   -0.479   -0.303   -0.303   -0.303   -0.175   -0.175   -0.145   -0.145
   -0.145   -0.029   -0.029   -0.029    0.980    0.980    0.980    2.132    3.528    3.528
    3.528    4.209    4.209    4.209    4.972    4.972    8.954    9.905    9.905    9.905
   11.678   11.678   11.678   12.586   12.586   12.932   13.658   13.658   13.658   13.714
   13.714   13.714
            0.325000  0.325000  0.325000
   -6.844   -6.494   -6.494   -6.494   -0.576   -0.576   -0.560   -0.560   -0.560   -0.517
   -0.495   -0.495   -0.495   -0.282   -0.281   -0.281   -0.171   -0.171   -0.147   -0.147
   -0.147   -0.030   -0.030   -0.030    0.876    0.876    0.876    1.833    3.714    3.714
    3.714    4.308    4.308    4.308    4.915    4.915    8.935    9.827    9.827    9.827
   11.731   11.731   11.731   12.580   12.580   13.204   13.441   13.441   13.441   13.821
   13.821   13.821
            0.350000  0.350000  0.350000
   -6.779   -6.512   -6.512   -6.512   -0.569   -0.569   -0.557   -0.557   -0.556   -0.510
   -0.510   -0.509   -0.465   -0.258   -0.257   -0.257   -0.168   -0.168   -0.149   -0.148
   -0.148   -0.029   -0.029   -0.029    0.773    0.773    0.773    1.549    3.909    3.909
    3.909    4.402    4.402    4.403    4.864    4.864    8.911    9.685    9.685    9.685
   11.809   11.809   11.809   12.564   12.564   13.196   13.196   13.196   13.470   14.007
   14.007   14.007
            0.375000  0.375000  0.375000
   -6.719   -6.529   -6.529   -6.528   -0.564   -0.564   -0.555   -0.555   -0.554   -0.523
   -0.522   -0.522   -0.401   -0.232   -0.232   -0.232   -0.164   -0.164   -0.150   -0.150
   -0.150   -0.027   -0.027   -0.027    0.674    0.674    0.674    1.283    4.106    4.106
    4.106    4.489    4.489    4.489    4.819    4.819    8.884    9.498    9.498    9.498
   11.924   11.924   11.924   12.543   12.543   12.981   12.981   12.981   13.717   14.170
   14.170   14.170
            0.400000  0.400000  0.400000
   -6.667   -6.542   -6.542   -6.542   -0.560   -0.560   -0.554   -0.554   -0.553   -0.533
   -0.533   -0.533   -0.325   -0.207   -0.207   -0.207   -0.160   -0.160   -0.151   -0.151
   -0.151   -0.022   -0.022   -0.021    0.584    0.584    0.584    1.036    4.293    4.293
    4.293    4.564    4.564    4.564    4.781    4.781    8.859    9.295    9.295    9.295
   12.063   12.063   12.063   12.519   12.519   12.800   12.800   12.800   13.932   14.283
   14.283   14.283
            0.425000  0.425000  0.425000
   -6.625   -6.553   -6.553   -6.553   -0.557   -0.557   -0.553   -0.553   -0.553   -0.542
   -0.541   -0.541   -0.236   -0.185   -0.185   -0.184   -0.157   -0.157   -0.152   -0.152
   -0.151   -0.013   -0.013   -0.013    0.505    0.505    0.505    0.811    4.460    4.460
    4.460    4.626    4.626    4.626    4.750    4.750    8.838    9.104    9.104    9.104
   12.209   12.209   12.209   12.498   12.498   12.656   12.656   12.656   14.106   14.340
   14.340   14.340
            0.450000  0.450000  0.450000
   -6.593   -6.561   -6.561   -6.561   -0.555   -0.555   -0.553   -0.553   -0.553   -0.548
   -0.548   -0.548   -0.167   -0.167   -0.167   -0.155   -0.155   -0.152   -0.152   -0.152
   -0.137   -0.002   -0.002   -0.002    0.441    0.441    0.441    0.613    4.593    4.593
    4.593    4.672    4.672    4.672    4.728    4.728    8.822    8.948    8.948    8.948
   12.339   12.339   12.340   12.480   12.480   12.551   12.551   12.551   14.232   14.351
   14.351   14.351
            0.475000  0.475000  0.475000
   -6.574   -6.566   -6.566   -6.565   -0.553   -0.553   -0.553   -0.553   -0.553   -0.552
   -0.551   -0.551   -0.156   -0.156   -0.156   -0.153   -0.153   -0.153   -0.152   -0.152
   -0.039    0.008    0.008    0.008    0.399    0.399    0.399    0.455    4.680    4.680
    4.680    4.701    4.701    4.701    4.715    4.715    8.812    8.845    8.845    8.845
   12.432   12.432   12.432   12.469   12.469   12.487   12.487   12.487   14.308   14.340
   14.340   14.340
            0.500000  0.500000  0.500000
   -6.567   -6.567   -6.567   -6.567   -0.553   -0.553   -0.553   -0.553   -0.553   -0.552
   -0.552   -0.552   -0.153   -0.153   -0.153   -0.153   -0.153   -0.153   -0.152   -0.152
    0.012    0.012    0.012    0.013    0.384    0.384    0.384    0.384    4.710    4.710
    4.710    4.710    4.710    4.710    4.711    4.711    8.809    8.809    8.809    8.809
   12.465   12.465   12.465   12.465   12.465   12.466   12.466   12.466   14.333   14.334
   14.334   14.334
            0.475000  0.500000  0.475000
   -6.569   -6.569   -6.565   -6.565   -0.553   -0.553   -0.553   -0.553   -0.552   -0.552
   -0.552   -0.552   -0.155   -0.155   -0.154   -0.154   -0.153   -0.153   -0.152   -0.152
   -0.012   -0.012    0.014    0.014    0.388    0.388    0.419    0.419    4.685    4.685
    4.705    4.705    4.706    4.707    4.708    4.708    8.819    8.819    8.835    8.835
   12.441   12.441   12.457   12.457   12.474   12.474   12.480   12.480   14.325   14.325
   14.341   14.341
            0.450000  0.500000  0.450000
   -6.576   -6.576   -6.560   -6.560   -0.554   -0.554   -0.553   -0.552   -0.552   -0.552
   -0.549   -0.549   -0.162   -0.162   -0.160   -0.159   -0.153   -0.153   -0.153   -0.152
   -0.065   -0.065    0.018    0.018    0.403    0.403    0.507    0.507    4.613    4.613
    4.687    4.687    4.695    4.695    4.701    4.701    8.850    8.850    8.913    8.913
   12.374   12.374   12.432   12.432   12.500   12.500   12.522   12.522   14.296   14.296
   14.359   14.359
            0.425000  0.500000  0.425000
   -6.588   -6.588   -6.552   -6.552   -0.555   -0.555   -0.552   -0.552   -0.551   -0.551
   -0.545   -0.545   -0.178   -0.178   -0.172   -0.171   -0.154   -0.153   -0.153   -0.152
   -0.115   -0.115    0.024    0.024    0.426    0.426    0.623    0.623    4.500    4.500
    4.658    4.658    4.676    4.676    4.689    4.690    8.901    8.901    9.034    9.034
   12.273   12.273   12.393   12.393   12.542   12.542   12.592   12.592   14.241   14.241
   14.376   14.376
            0.400000  0.500000  0.400000
   -6.603   -6.603   -6.540   -6.540   -0.557   -0.557   -0.551   -0.551   -0.550   -0.549
   -0.539   -0.539   -0.223   -0.223   -0.183   -0.182   -0.155   -0.154   -0.153   -0.152
   -0.139   -0.139    0.030    0.031    0.459    0.459    0.759    0.759    4.355    4.355
    4.617    4.617    4.651    4.652    4.674    4.674    8.969    8.969    9.189    9.190
   12.153   12.153   12.343   12.343   12.600   12.600   12.689   12.689   14.152   14.152
   14.381   14.381
            0.375000  0.500000  0.375000
   -6.622   -6.622   -6.525   -6.525   -0.559   -0.559   -0.550   -0.550   -0.548   -0.548
   -0.532   -0.531   -0.279   -0.278   -0.194   -0.194   -0.156   -0.155   -0.152   -0.152
   -0.149   -0.148    0.037    0.037    0.499    0.499    0.908    0.908    4.187    4.187
    4.565    4.565    4.622    4.622    4.655    4.655    9.052    9.052    9.368    9.368
   12.025   12.025   12.284   12.284   12.672   12.672   12.811   12.811   14.024   14.024
   14.369   14.369
            0.350000  0.500000  0.350000
   -6.644   -6.644   -6.508   -6.508   -0.563   -0.562   -0.549   -0.548   -0.546   -0.546
   -0.523   -0.523   -0.332   -0.331   -0.205   -0.205   -0.157   -0.157   -0.155   -0.155
   -0.152   -0.151    0.044    0.044    0.546    0.546    1.068    1.068    4.006    4.006
    4.501    4.501    4.589    4.589    4.632    4.632    9.146    9.146    9.561    9.561
   11.898   11.898   12.218   12.218   12.758   12.758   12.951   12.951   13.856   13.856
   14.343   14.343
            0.325000  0.500000  0.325000
   -6.669   -6.669   -6.488   -6.488   -0.567   -0.567   -0.547   -0.546   -0.544   -0.544
   -0.514   -0.514   -0.379   -0.379   -0.215   -0.214   -0.162   -0.161   -0.160   -0.159
   -0.152   -0.151    0.051    0.051    0.599    0.599    1.237    1.237    3.817    3.817
    4.426    4.426    4.554    4.554    4.608    4.608    9.249    9.249    9.761    9.761
   11.780   11.780   12.145   12.145   12.855   12.856   13.097   13.097   13.658   13.658
   14.317   14.317
            0.300000  0.500000  0.300000
   -6.695   -6.695   -6.467   -6.467   -0.573   -0.573   -0.545   -0.544   -0.542   -0.542
   -0.505   -0.505   -0.420   -0.419   -0.223   -0.222   -0.168   -0.167   -0.162   -0.162
   -0.151   -0.151    0.058    0.058    0.656    0.656    1.414    1.414    3.629    3.629
    4.339    4.339    4.518    4.518    4.581    4.581    9.357    9.357    9.960    9.960
   11.675   11.675   12.059   12.059   12.963   12.963   13.228   13.228   13.448   13.448
   14.316   14.317
            0.275000  0.500000  0.275000
   -6.722   -6.722   -6.444   -6.444   -0.582   -0.582   -0.542   -0.542   -0.540   -0.539
   -0.495   -0.495   -0.453   -0.452   -0.228   -0.228   -0.174   -0.173   -0.166   -0.165
   -0.151   -0.150    0.066    0.066    0.717    0.717    1.596    1.596    3.445    3.445
    4.243    4.243    4.483    4.483    4.553    4.554    9.465    9.465   10.154   10.154
   11.587   11.587   11.953   11.953   13.077   13.077   13.249   13.249   13.310   13.310
   14.377   14.377
            0.250000  0.500000  0.250000
   -6.749   -6.749   -6.420   -6.420   -0.594   -0.594   -0.540   -0.539   -0.537   -0.537
   -0.485   -0.485   -0.478   -0.477   -0.232   -0.232   -0.180   -0.180   -0.170   -0.169
   -0.150   -0.150    0.075    0.075    0.780    0.780    1.781    1.781    3.271    3.271
    4.137    4.137    4.450    4.450    4.526    4.526    9.569    9.569   10.337   10.338
   11.521   11.521   11.813   11.813   13.090   13.090   13.197   13.197   13.325   13.325
   14.518   14.518
            0.225000  0.500000  0.225000
   -6.776   -6.776   -6.396   -6.396   -0.610   -0.609   -0.537   -0.537   -0.535   -0.534
   -0.495   -0.495   -0.475   -0.475   -0.234   -0.233   -0.186   -0.186   -0.175   -0.175
   -0.150   -0.149    0.085    0.085    0.841    0.841    1.967    1.967    3.112    3.112
    4.023    4.023    4.420    4.420    4.498    4.498    9.665    9.665   10.507   10.507
   11.477   11.477   11.630   11.630   12.992   12.992   13.283   13.283   13.319   13.319
   14.715   14.715
            0.200000  0.500000  0.200000
   -6.802   -6.802   -6.373   -6.373   -0.627   -0.626   -0.535   -0.535   -0.533   -0.532
   -0.506   -0.506   -0.465   -0.465   -0.233   -0.233   -0.192   -0.192   -0.182   -0.181
   -0.149   -0.148    0.097    0.097    0.899    0.900    2.149    2.149    2.973    2.973
    3.902    3.902    4.394    4.394    4.471    4.472    9.751    9.751   10.658   10.658
   11.411   11.411   11.457   11.457   12.962   12.962   13.213   13.213   13.441   13.441
   14.907   14.907
            0.175000  0.500000  0.175000
   -6.827   -6.827   -6.350   -6.350   -0.644   -0.644   -0.534   -0.534   -0.531   -0.530
   -0.513   -0.513   -0.454   -0.454   -0.232   -0.232   -0.198   -0.197   -0.189   -0.188
   -0.149   -0.148    0.111    0.111    0.952    0.952    2.325    2.325    2.857    2.857
    3.775    3.775    4.373    4.373    4.446    4.447    9.824    9.824   10.788   10.788
   11.170   11.170   11.461   11.461   12.993   12.993   13.139   13.139   13.559   13.559
   14.988   14.988
            0.150000  0.500000  0.150000
   -6.849   -6.849   -6.329   -6.329   -0.661   -0.660   -0.533   -0.533   -0.529   -0.528
   -0.517   -0.517   -0.442   -0.442   -0.230   -0.229   -0.203   -0.202   -0.197   -0.196
   -0.148   -0.147    0.126    0.126    0.995    0.995    2.490    2.490    2.770    2.770
    3.645    3.645    4.358    4.358    4.424    4.424    9.883    9.883   10.894   10.895
   10.927   10.927   11.483   11.483   13.075   13.075   13.078   13.078   13.669   13.669
   14.896   14.896
            0.125000  0.500000  0.125000
   -6.869   -6.869   -6.310   -6.310   -0.675   -0.675   -0.532   -0.532   -0.527   -0.526
   -0.520   -0.519   -0.431   -0.431   -0.227   -0.227   -0.208   -0.207   -0.206   -0.205
   -0.147   -0.147    0.142    0.142    1.027    1.027    2.639    2.639    2.715    2.715
    3.513    3.513    4.349    4.349    4.403    4.404    9.928    9.929   10.696   10.697
   10.982   10.982   11.511   11.511   13.044   13.044   13.195   13.195   13.769   13.770
   14.704   14.704
            0.100000  0.500000  0.100000
   -6.885   -6.885   -6.293   -6.293   -0.687   -0.687   -0.532   -0.532   -0.526   -0.525
   -0.521   -0.521   -0.419   -0.419   -0.225   -0.224   -0.214   -0.214   -0.212   -0.211
   -0.147   -0.146    0.159    0.159    1.047    1.047    2.694    2.694    2.768    2.768
    3.380    3.380    4.346    4.346    4.386    4.387    9.961    9.961   10.491   10.491
   11.057   11.057   11.530   11.531   13.049   13.050   13.348   13.348   13.856   13.857
   14.479   14.479
            0.075000  0.500000  0.075000
   -6.898   -6.898   -6.280   -6.280   -0.697   -0.696   -0.532   -0.532   -0.524   -0.524
   -0.522   -0.521   -0.408   -0.408   -0.225   -0.225   -0.220   -0.219   -0.215   -0.214
   -0.146   -0.146    0.174    0.174    1.056    1.056    2.706    2.706    2.872    2.872
    3.251    3.251    4.347    4.347    4.373    4.373    9.982    9.982   10.323   10.323
   11.123   11.123   11.532   11.532   13.099   13.099   13.523   13.523   13.927   13.927
   14.251   14.251
            0.050000  0.500000  0.050000
   -6.908   -6.908   -6.270   -6.270   -0.704   -0.703   -0.533   -0.533   -0.524   -0.523
   -0.523   -0.522   -0.399   -0.399   -0.232   -0.231   -0.219   -0.219   -0.217   -0.217
   -0.146   -0.145    0.186    0.186    1.058    1.058    2.748    2.748    2.949    2.949
    3.126    3.126    4.350    4.350    4.363    4.363    9.989    9.989   10.202   10.202
   11.182   11.182   11.516   11.516   13.188   13.188   13.714   13.714   13.979   13.979
   14.035   14.035
            0.025000  0.500000  0.025000
   -6.914   -6.914   -6.264   -6.264   -0.708   -0.707   -0.533   -0.533   -0.523   -0.523
   -0.522   -0.522   -0.393   -0.393   -0.237   -0.236   -0.219   -0.218   -0.218   -0.218
   -0.146   -0.145    0.194    0.194    1.057    1.057    2.815    2.815    2.996    2.996
    3.010    3.010    4.353    4.353    4.357    4.357    9.983    9.983   10.136   10.136
   11.229   11.229   11.491   11.491   13.295   13.296   13.853   13.853   13.905   13.905
   14.011   14.011
            0.000000  0.500000  0.000000
   -6.916   -6.916   -6.262   -6.262   -0.709   -0.709   -0.533   -0.533   -0.523   -0.523
   -0.522   -0.522   -0.391   -0.391   -0.238   -0.238   -0.219   -0.219   -0.217   -0.217
   -0.146   -0.145    0.197    0.197    1.056    1.057    2.893    2.893    2.916    2.916
    3.011    3.011    4.355    4.355    4.355    4.355    9.977    9.978   10.118   10.118
   11.249   11.249   11.478   11.478   13.357   13.357   13.767   13.767   14.022   14.022
   14.022   14.022
            0.500000  0.500000  0.000000
   -6.592   -6.592   -6.592   -6.592   -0.544   -0.544   -0.544   -0.543   -0.513   -0.513
   -0.513   -0.513   -0.388   -0.388   -0.388   -0.388   -0.196   -0.196   -0.196   -0.195
   -0.123   -0.123   -0.123   -0.123    1.669    1.669    1.669    1.669    3.117    3.117
    3.117    3.117    4.675    4.675    4.675    4.675   10.317   10.317   10.317   10.317
   12.190   12.190   12.190   12.190   12.785   12.785   12.785   12.785   13.410   13.410
   13.410   13.410
            0.500000  0.500000  0.025000
   -6.592   -6.592   -6.592   -6.592   -0.544   -0.544   -0.544   -0.544   -0.513   -0.513
   -0.513   -0.513   -0.387   -0.387   -0.387   -0.387   -0.196   -0.196   -0.195   -0.195
   -0.123   -0.123   -0.123   -0.123    1.657    1.657    1.657    1.657    3.131    3.131
    3.131    3.131    4.675    4.675    4.675    4.675   10.307   10.307   10.307   10.307
   12.175   12.175   12.175   12.175   12.814   12.814   12.814   12.814   13.401   13.401
   13.401   13.401
            0.500000  0.500000  0.050000
   -6.591   -6.591   -6.591   -6.591   -0.544   -0.544   -0.544   -0.544   -0.514   -0.514
   -0.514   -0.514   -0.383   -0.383   -0.383   -0.383   -0.195   -0.195   -0.194   -0.194
   -0.123   -0.123   -0.123   -0.122    1.622    1.622    1.622    1.622    3.172    3.172
    3.173    3.173    4.675    4.676    4.676    4.676   10.278   10.278   10.278   10.278
   12.138   12.138   12.138   12.138   12.891   12.891   12.891   12.891   13.373   13.373
   13.373   13.373
            0.500000  0.500000  0.075000
   -6.591   -6.591   -6.591   -6.590   -0.545   -0.545   -0.545   -0.544   -0.515   -0.515
   -0.515   -0.515   -0.378   -0.377   -0.377   -0.377   -0.194   -0.193   -0.193   -0.192
   -0.123   -0.123   -0.122   -0.122    1.568    1.568    1.568    1.568    3.237    3.237
    3.237    3.237    4.677    4.677    4.677    4.677   10.231   10.231   10.231   10.231
   12.096   12.096   12.096   12.096   12.998   12.998   12.998   12.998   13.330   13.330
   13.330   13.330
            0.500000  0.500000  0.100000
   -6.590   -6.590   -6.590   -6.589   -0.546   -0.546   -0.545   -0.545   -0.517   -0.517
   -0.517   -0.517   -0.370   -0.369   -0.369   -0.369   -0.192   -0.191   -0.191   -0.190
   -0.122   -0.122   -0.122   -0.122    1.500    1.500    1.500    1.500    3.320    3.320
    3.320    3.320    4.678    4.678    4.678    4.678   10.166   10.166   10.166   10.166
   12.059   12.059   12.059   12.059   13.124   13.124   13.124   13.124   13.274   13.274
   13.274   13.274
            0.500000  0.500000  0.125000
   -6.588   -6.588   -6.588   -6.588   -0.546   -0.546   -0.546   -0.546   -0.519   -0.519
   -0.519   -0.519   -0.359   -0.359   -0.359   -0.359   -0.189   -0.189   -0.189   -0.188
   -0.121   -0.121   -0.121   -0.121    1.422    1.422    1.422    1.422    3.416    3.416
    3.416    3.417    4.680    4.680    4.680    4.680   10.086   10.086   10.086   10.086
   12.033   12.033   12.033   12.033   13.209   13.209   13.209   13.209   13.260   13.260
   13.260   13.260
            0.500000  0.500000  0.150000
   -6.587   -6.587   -6.587   -6.587   -0.547   -0.547   -0.547   -0.547   -0.522   -0.522
   -0.522   -0.522   -0.347   -0.347   -0.347   -0.347   -0.186   -0.186   -0.186   -0.185
   -0.121   -0.121   -0.121   -0.120    1.337    1.337    1.337    1.337    3.523    3.523
    3.523    3.523    4.682    4.682    4.682    4.682    9.993    9.993    9.993    9.993
   12.020   12.020   12.020   12.020   13.138   13.138   13.138   13.138   13.399   13.399
   13.399   13.399
            0.500000  0.500000  0.175000
   -6.585   -6.585   -6.585   -6.585   -0.548   -0.548   -0.548   -0.548   -0.525   -0.525
   -0.525   -0.525   -0.333   -0.333   -0.333   -0.332   -0.183   -0.183   -0.183   -0.182
   -0.120   -0.120   -0.119   -0.119    1.249    1.249    1.249    1.249    3.635    3.635
    3.635    3.635    4.684    4.684    4.684    4.684    9.889    9.890    9.890    9.890
   12.020   12.020   12.020   12.020   13.064   13.064   13.064   13.064   13.539   13.539
   13.539   13.539
            0.500000  0.500000  0.200000
   -6.583   -6.583   -6.583   -6.583   -0.549   -0.549   -0.549   -0.548   -0.528   -0.528
   -0.528   -0.528   -0.316   -0.316   -0.316   -0.316   -0.180   -0.180   -0.180   -0.179
   -0.118   -0.118   -0.118   -0.118    1.159    1.159    1.159    1.159    3.752    3.752
    3.752    3.752    4.687    4.687    4.687    4.687    9.779    9.779    9.779    9.779
   12.033   12.033   12.033   12.033   12.989   12.989   12.989   12.989   13.675   13.675
   13.675   13.675
            0.500000  0.500000  0.225000
   -6.582   -6.582   -6.581   -6.581   -0.550   -0.549   -0.549   -0.549   -0.531   -0.531
   -0.531   -0.531   -0.298   -0.298   -0.298   -0.298   -0.177   -0.177   -0.176   -0.176
   -0.116   -0.116   -0.116   -0.116    1.069    1.069    1.069    1.069    3.869    3.870
    3.870    3.870    4.690    4.690    4.690    4.690    9.664    9.664    9.664    9.664
   12.056   12.056   12.056   12.056   12.915   12.915   12.915   12.915   13.804   13.804
   13.804   13.805
            0.500000  0.500000  0.250000
   -6.580   -6.580   -6.580   -6.579   -0.550   -0.550   -0.550   -0.550   -0.534   -0.534
   -0.534   -0.534   -0.279   -0.278   -0.278   -0.278   -0.173   -0.173   -0.173   -0.172
   -0.114   -0.114   -0.114   -0.114    0.980    0.980    0.980    0.980    3.987    3.987
    3.987    3.987    4.692    4.692    4.692    4.692    9.548    9.548    9.548    9.548
   12.089   12.089   12.089   12.089   12.844   12.844   12.844   12.844   13.924   13.924
   13.924   13.924
            0.500000  0.500000  0.275000
   -6.578   -6.578   -6.578   -6.577   -0.551   -0.551   -0.551   -0.550   -0.537   -0.537
   -0.537   -0.537   -0.258   -0.257   -0.257   -0.257   -0.170   -0.170   -0.170   -0.169
   -0.111   -0.111   -0.111   -0.110    0.894    0.894    0.894    0.894    4.101    4.101
    4.101    4.102    4.695    4.695    4.695    4.695    9.433    9.433    9.433    9.433
   12.129   12.129   12.129   12.129   12.777   12.777   12.777   12.777   14.030   14.030
   14.030   14.030
            0.500000  0.500000  0.300000
   -6.576   -6.576   -6.576   -6.576   -0.551   -0.551   -0.551   -0.551   -0.540   -0.540
   -0.540   -0.540   -0.236   -0.236   -0.236   -0.235   -0.167   -0.167   -0.166   -0.166
   -0.106   -0.106   -0.106   -0.106    0.810    0.810    0.811    0.811    4.212    4.212
    4.212    4.212    4.698    4.698    4.698    4.698    9.321    9.321    9.321    9.321
   12.175   12.175   12.175   12.175   12.715   12.715   12.715   12.715   14.121   14.121
   14.121   14.121
            0.500000  0.500000  0.325000
   -6.574   -6.574   -6.574   -6.574   -0.552   -0.552   -0.552   -0.551   -0.543   -0.543
   -0.543   -0.543   -0.215   -0.214   -0.214   -0.214   -0.164   -0.164   -0.163   -0.163
   -0.099   -0.099   -0.099   -0.099    0.731    0.731    0.731    0.731    4.316    4.316
    4.316    4.316    4.700    4.701    4.701    4.701    9.214    9.214    9.214    9.215
   12.224   12.224   12.224   12.224   12.659   12.659   12.659   12.659   14.194   14.194
   14.194   14.194
            0.500000  0.500000  0.350000
   -6.572   -6.572   -6.572   -6.572   -0.552   -0.552   -0.552   -0.552   -0.545   -0.545
   -0.545   -0.545   -0.195   -0.195   -0.195   -0.195   -0.161   -0.161   -0.161   -0.160
   -0.089   -0.089   -0.088   -0.088    0.656    0.656    0.656    0.656    4.412    4.412
    4.412    4.412    4.703    4.703    4.703    4.703    9.116    9.116    9.116    9.116
   12.274   12.274   12.274   12.274   12.609   12.609   12.609   12.609   14.250   14.250
   14.250   14.250
            0.500000  0.500000  0.375000
   -6.571   -6.571   -6.571   -6.571   -0.552   -0.552   -0.552   -0.552   -0.548   -0.547
   -0.547   -0.547   -0.180   -0.179   -0.179   -0.179   -0.159   -0.159   -0.158   -0.158
   -0.074   -0.073   -0.073   -0.073    0.586    0.586    0.586    0.586    4.497    4.497
    4.497    4.497    4.705    4.705    4.705    4.705    9.028    9.028    9.028    9.028
   12.324   12.324   12.324   12.324   12.566   12.566   12.566   12.566   14.289   14.289
   14.289   14.289
            0.500000  0.500000  0.400000
   -6.570   -6.570   -6.569   -6.569   -0.553   -0.553   -0.552   -0.552   -0.550   -0.549
   -0.549   -0.549   -0.168   -0.168   -0.168   -0.167   -0.157   -0.157   -0.156   -0.156
   -0.054   -0.054   -0.054   -0.053    0.522    0.523    0.523    0.523    4.571    4.571
    4.571    4.571    4.707    4.707    4.707    4.707    8.952    8.952    8.952    8.953
   12.370   12.370   12.370   12.370   12.530   12.530   12.530   12.530   14.313   14.313
   14.313   14.313
            0.500000  0.500000  0.425000
   -6.568   -6.568   -6.568   -6.568   -0.553   -0.553   -0.553   -0.552   -0.551   -0.551
   -0.551   -0.551   -0.161   -0.160   -0.160   -0.160   -0.155   -0.155   -0.155   -0.154
   -0.031   -0.031   -0.031   -0.031    0.467    0.467    0.468    0.468    4.630    4.630
    4.630    4.631    4.708    4.708    4.708    4.708    8.891    8.891    8.891    8.891
   12.409   12.409   12.409   12.409   12.502   12.502   12.502   12.502   14.326   14.326
   14.326   14.326
            0.500000  0.500000  0.450000
   -6.568   -6.568   -6.568   -6.568   -0.553   -0.553   -0.553   -0.552   -0.552   -0.552
   -0.552   -0.552   -0.156   -0.156   -0.156   -0.155   -0.154   -0.154   -0.154   -0.153
   -0.010   -0.010   -0.010   -0.010    0.423    0.423    0.423    0.423    4.674    4.674
    4.674    4.674    4.709    4.710    4.710    4.710    8.846    8.846    8.846    8.846
   12.439   12.439   12.439   12.439   12.482   12.482   12.482   12.482   14.332   14.332
   14.332   14.332
            0.500000  0.500000  0.475000
   -6.567   -6.567   -6.567   -6.567   -0.553   -0.553   -0.553   -0.553   -0.552   -0.552
   -0.552   -0.552   -0.154   -0.154   -0.153   -0.153   -0.153   -0.153   -0.153   -0.152
    0.006    0.006    0.006    0.006    0.394    0.394    0.394    0.394    4.701    4.701
    4.701    4.701    4.710    4.710    4.710    4.710    8.818    8.818    8.818    8.818
   12.459   12.459   12.459   12.459   12.470   12.470   12.470   12.470   14.333   14.333
   14.333   14.333
            0.500000  0.500000  0.500000
   -6.567   -6.567   -6.567   -6.567   -0.553   -0.553   -0.553   -0.553   -0.553   -0.552
   -0.552   -0.552   -0.153   -0.153   -0.153   -0.153   -0.153   -0.153   -0.152   -0.152
    0.012    0.012    0.012    0.013    0.384    0.384    0.384    0.384    4.710    4.710
    4.710    4.710    4.710    4.710    4.711    4.711    8.809    8.809    8.809    8.809
   12.465   12.465   12.465   12.465   12.465   12.466   12.466   12.466   14.333   14.334
   14.334   14.334
